1000003336	2423
1000011349	2137
1000003334	3612
1000010164	3950
1000003332	466
1000010162	2815
1000003330	301
1000014199	878
1000008904	3301
1000014197	2976
1000014194	5097
1000018447	2445
1000014192	1445
1000011345	541
1000014190	1396
1000010168	388
1000010761	4040
1000010671	4046
1000010763	2028
1000003627	4098
1000012929	1142
1000014337	855
1000012925	870
1000003620	3996
1000009642	5083
1000009644	138
1000001423	5035
1000018667	4675
1000000802	1656
1000007276	4129
1000019856	5186
1000000381	1623
1000008431	4389
1000014545	3803
1000006671	4250
1000003623	2678
1000015788	5214
1000012255	2675
1000000387	4813
1000003023	1198
1000003021	4710
1000003027	2982
1000003025	4454
1000014679	3235
1000003747	5259
1000012522	5172
1000003029	5116
1000014449	1461
1000000593	2533
1000004255	2388
1000000591	1398
1000004257	3636
1000004251	1871
1000002179	3782
1000002856	4536
1000007291	3916
1000003240	3390
1000002783	4674
1000003934	2233
1000004259	2930
1000003629	4165
1000011582	2746
1000011580	1037
1000013027	2398
1000011586	3426
1000019235	3099
1000008058	163
1000018650	846
1000008836	3599
1000019239	2312
1000011588	2039
1000011347	2760
1000019565	159
1000012851	5121
1000010694	140
1000012853	5140
1000013385	3632
1000011748	2820
1000003373	4183
1000012857	724
1000012859	1713
1000012312	3556
1000008692	1279
1000011740	737
1000011742	2621
1000014441	4048
1000010981	372
1000010393	3719
1000018742	3375
1000010985	4869
1000018158	2922
1000010989	1017
1000003921	4286
1000001260	4861
1000016623	2685
1000001266	3918
1000020409	1689
1000020407	2045
1000000822	892
1000020405	1168
1000004335	2886
1000020403	3304
1000020153	355
1000018244	4805
1000016914	995
1000010438	998
1000016916	3135
1000016910	195
1000016912	555
1000010768	5063
1000003804	2706
1000003806	27
1000017424	4400
1000016918	884
1000017422	1866
1000014541	4277
1000018893	4617
1000019762	5157
1000015702	3976
1000012921	3841
1000010182	2235
1000000435	4663
1000004582	2709
1000015217	3225
1000016965	2322
1000020719	3568
1000004428	2020
1000020713	828
1000020711	951
1000007102	1548
1000020717	1858
1000007107	253
1000007106	61
1000001406	848
1000013159	2259
1000004108	847
1000001401	3382
1000004105	1000
1000019496	704
1000011879	3114
1000019492	9
1000001409	3199
1000020570	396
1000014219	1093
1000012346	4998
1000014215	3717
1000014217	1403
1000014210	3784
1000014213	1659
1000018788	160
1000017513	358
1000018015	4368
1000017517	236
1000010408	3680
1000017515	390
1000019546	2738
1000019012	280
1000013295	4322
1000019014	128
1000016107	4900
1000019016	60
1000012877	4459
1000007377	477
1000004030	4625
1000004032	1215
1000004035	2064
1000002977	5245
1000012133	4950
1000002565	2335
1000004331	4311
1000002561	3317
1000005619	1133
1000002563	3092
1000005617	1043
1000005340	4589
1000013524	2736
1000005342	2733
1000005613	1323
1000005344	4293
1000005611	1874
1000005346	2320
1000005594	4106
1000017637	3611
1000005694	3773
1000017633	4147
1000017631	3108
1000014501	3673
1000015859	4403
1000002962	2139
1000009092	2999
1000002964	2498
1000018953	2813
1000014507	3161
1000003751	3413
1000015850	543
1000012428	2239
1000015852	974
1000005290	1317
1000015854	2887
1000005296	2963
1000015857	101
1000002411	4252
1000002413	340
1000019168	2971
1000002415	2802
1000019164	4754
1000002419	2012
1000019166	4824
1000013406	4238
1000019160	3997
1000005726	185
1000005724	654
1000008900	2649
1000002989	676
1000003443	2300
1000008782	5246
1000008908	1566
1000002983	3513
1000022487	1120
1000002981	1126
1000002987	2455
1000002985	2424
1000005503	703
1000017181	2857
1000001880	1759
1000013631	3900
1000001886	2902
1000017185	3812
1000001884	530
1000017187	978
1000017189	3938
1000005509	2749
1000013187	455
1000002008	4352
1000017742	1516
1000017740	1271
1000018507	3098
1000017746	1417
1000018168	3816
1000000499	2527
1000017749	3459
1000001182	4749
1000018162	4915
1000018160	671
1000018769	1131
1000012326	1346
1000012401	3063
1000012324	2337
1000018949	1447
1000012320	560
1000018945	1065
1000018762	2748
1000018940	3922
1000018767	3003
1000012328	55
1000015674	4401
1000003938	4381
1000008780	4204
1000015670	2464
1000014486	4407
1000015672	3500
1000012107	4229
1000012457	3203
1000012451	4339
1000016657	645
1000002348	680
1000013453	3963
1000008767	4892
1000017619	2774
1000002344	4431
1000016344	931
1000002346	1450
1000016346	1848
1000002340	2549
1000016340	5095
1000002342	2677
1000016342	4538
1000000595	3936
1000016589	1227
1000016587	3393
1000003155	4288
1000016585	5009
1000005403	4546
1000016583	1179
1000016581	5060
1000002749	2507
1000012219	3973
1000008062	4341
1000020309	1919
1000012213	2954
1000014720	531
1000014722	4292
1000012217	3855
1000014724	464
1000002747	1456
1000011007	492
1000018870	4858
1000011004	4178
1000011002	694
1000015079	3798
1000008870	1995
1000003246	3805
1000015074	3384
1000008874	209
1000014240	2914
1000015070	3974
1000008877	3787
1000014924	5110
1000012074	929
1000013838	2825
1000006716	4483
1000006243	925
1000006714	4576
1000012587	1686
1000006712	2292
1000006247	3583
1000006710	3462
1000006249	2562
1000017362	2762
1000017364	497
1000017366	652
1000006718	3243
1000002105	4584
1000017597	4689
1000010126	4656
1000018598	35
1000011877	4648
1000012927	5218
1000011915	562
1000015290	3553
1000002866	2761
1000011913	803
1000007926	5144
1000012330	4364
1000011919	3563
1000007441	2395
1000015101	1857
1000007447	293
1000015454	709
1000007449	2714
1000015456	269
1000014988	944
1000015452	4146
1000005806	1845
1000012064	4808
1000018669	2993
1000018282	4399
1000014947	3751
1000005968	4941
1000008476	1225
1000006400	5142
1000018594	462
1000006404	969
1000014857	1840
1000016166	1814
1000015588	1418
1000015586	4256
1000013023	4662
1000008051	1431
1000016168	2623
1000014859	3195
1000006352	4883
1000003326	4094
1000006619	3501
1000014188	498
1000011464	1675
1000011357	2451
1000014184	2387
1000011355	2218
1000014186	1146
1000011353	3058
1000008753	810
1000013946	5267
1000014182	1594
1000010754	991
1000010756	331
1000010696	4859
1000012915	3169
1000009659	4626
1000005744	5130
1000012919	973
1000010759	1558
1000011460	3607
1000007580	1604
1000005746	1644
1000008822	3182
1000016922	3272
1000011462	2841
1000018616	2703
1000018808	3925
1000003031	1178
1000011744	3064
1000003745	578
1000009634	2722
1000003743	2478
1000005808	519
1000003037	1643
1000000372	4980
1000003039	1870
1000006060	2161
1000006062	728
1000006064	2100
1000007598	2752
1000015024	4682
1000010538	4382
1000007916	3569
1000007914	1632
1000005483	4722
1000007918	4182
1000008872	5170
1000012377	3337
1000012995	2727
1000019618	3236
1000019225	5120
1000002606	1559
1000008049	1203
1000011594	4512
1000011596	1281
1000008045	4991
1000017981	659
1000017983	2059
1000017985	308
1000017987	2572
1000012865	5226
1000016371	3863
1000012867	1868
1000011756	46
1000012863	1202
1000012869	4807
1000008684	1958
1000010983	4479
1000008680	2668
1000004359	2461
1000014557	4802
1000000451	2826
1000000457	1432
1000018499	2065
1000003633	4891
1000007758	3112
1000003631	1030
1000000459	2450
1000003637	2480
1000011684	5197
1000003635	4873
1000003988	1016
1000001273	4977
1000000679	1409
1000001275	552
1000001277	3517
1000020167	5118
1000000856	3037
1000000673	748
1000012371	4220
1000016900	260
1000016906	19
1000012797	4837
1000012379	1175
1000005990	3434
1000007754	2147
1000007824	1260
1000003810	1091
1000005994	2523
1000003815	2076
1000010597	4590
1000010404	602
1000009407	4316
1000006245	3792
1000016504	3346
1000010401	2909
1000016373	4702
1000013031	2977
1000003986	2418
1000007750	4796
1000007578	4812
1000010593	4666
1000016200	2415
1000004248	4404
1000007138	3901
1000020769	353
1000007134	4453
1000020767	2143
1000004240	804
1000007130	4798
1000006724	2520
1000007132	3189
1000022213	1646
1000001415	4125
1000004111	1119
1000019480	2846
1000002593	1170
1000012373	3489
1000001412	3091
1000006722	4301
1000019488	5055
1000013597	4848
1000014222	48
1000008966	4736
1000014224	539
1000006720	2569
1000014226	4561
1000014229	1395
1000013033	3249
1000001945	4103
1000003600	4708
1000017567	3873
1000017565	1873
1000009316	4713
1000019558	746
1000009314	1245
1000018573	1904
1000019006	3675
1000019556	2135
1000019002	3357
1000017569	4056
1000013591	3847
1000004027	1790
1000004024	2053
1000020157	2784
1000004021	955
1000000681	4939
1000018628	3834
1000018209	4434
1000010007	5234
1000005374	4348
1000001303	371
1000017334	2567
1000005370	4533
1000014873	4846
1000016850	167
1000017767	5178
1000017629	3806
1000020401	1157
1000013121	3681
1000018689	4285
1000017627	2183
1000018682	3187
1000017761	4744
1000010665	2487
1000002975	1407
1000002973	3904
1000014792	1749
1000002971	487
1000017857	4972
1000018376	2635
1000015846	2444
1000016769	1512
1000002699	561
1000018372	1898
1000014539	1263
1000018370	4340
1000015840	266
1000007786	3662
1000019172	3197
1000005978	448
1000002403	780
1000019176	3646
1000005758	3536
1000021798	1683
1000005756	3713
1000007857	1307
1000005970	1137
1000019178	2385
1000005976	3838
1000004232	4767
1000002409	594
1000019063	2470
1000002999	1833
1000008916	5005
1000016621	95
1000008912	636
1000008910	2194
1000002991	125
1000017683	4777
1000002993	3193
1000002995	2419
1000002997	2232
1000008918	1351
1000005576	1798
1000001890	3504
1000017195	1784
1000013190	1187
1000017193	3505
1000013196	956
1000017191	2516
1000013194	174
1000003859	3888
1000001898	1243
1000016625	2375
1000007859	3194
1000017199	1483
1000012259	3055
1000014408	1181
1000015946	3498
1000017753	1522
1000000297	3052
1000017755	3971
1000018197	668
1000017757	2650
1000018195	2928
1000017759	39
1000003800	1446
1000018199	2276
1000018213	2477
1000014406	3475
1000017589	3391
1000018203	3088
1000018972	4568
1000013293	1467
1000018758	2769
1000018207	2519
1000015288	4591
1000018977	5189
1000009132	3146
1000018979	1011
1000018756	4637
1000015938	2998
1000002576	3560
1000002574	4189
1000011519	2125
1000002194	45
1000014038	5217
1000012468	3361
1000002198	2411
1000004415	3420
1000018744	1436
1000010024	4477
1000013445	3
1000012663	2212
1000013447	1316
1000002350	2935
1000016375	276
1000013443	3652
1000016377	926
1000010661	3010
1000018993	1760
1000012669	504
1000006398	4203
1000012661	4943
1000009577	2282
1000016579	5266
1000013337	4906
1000013394	5253
1000014718	3730
1000002500	2182
1000002758	349
1000012267	2111
1000002755	570
1000009049	496
1000012262	2403
1000014712	1961
1000005852	5053
1000019736	1505
1000015068	1900
1000014204	5225
1000008868	3028
1000015064	2871
1000008864	2251
1000015060	1733
1000015062	4149
1000020725	4621
1000015409	5252
1000003402	4337
1000010029	3871
1000018449	4199
1000005688	3388
1000022229	2728
1000006467	5258
1000022452	4163
1000013842	4247
1000022457	913
1000022454	3649
1000016149	4880
1000016486	2287
1000016484	4213
1000015668	104
1000016482	1892
1000016480	450
1000017374	4605
1000015662	2439
1000017173	3244
1000015660	744
1000015666	3271
1000017177	2879
1000004318	3278
1000006870	1205
1000015282	1782
1000016508	4138
1000015284	2551
1000022312	4527
1000015286	529
1000002735	2799
1000000349	5090
1000012573	347
1000012718	4470
1000015115	759
1000018037	2987
1000000347	3876
1000012712	3402
1000006187	3477
1000005294	4707
1000006185	896
1000006835	4205
1000006181	2859
1000013373	107
1000000345	3332
1000016526	4795
1000006479	2383
1000006477	1102
1000016153	3300
1000012487	193
1000016157	906
1000016398	1599
1000013279	2852
1000000616	3027
1000013377	2869
1000012238	2296
1000016391	149
1000019534	2992
1000016395	5013
1000003489	1125
1000016408	4600
1000003480	1852
1000013451	4845
1000003484	4332
1000018489	4894
1000016406	4697
1000018242	2915
1000014889	3012
1000012900	3145
1000018064	4928
1000019498	1883
1000004147	3586
1000014887	2288
1000016404	1783
1000006988	1353
1000014883	3067
1000017917	3537
1000006696	3385
1000006694	3964
1000006921	4367
1000012430	3597
1000016402	2608
1000006698	3606
1000007055	2975
1000008662	3227
1000006503	764
1000007586	2215
1000018190	4074
1000003001	0
1000003003	2349
1000006054	1322
1000006388	4282
1000006056	3955
1000006509	4287
1000006050	4177
1000003009	4130
1000006052	3533
1000010812	2798
1000012340	3613
1000007900	1929
1000007902	3982
1000003268	4804
1000007904	2851
1000007906	4385
1000010669	4200
1000001564	5051
1000008070	3179
1000014085	2224
1000014087	837
1000003798	2393
1000014081	1318
1000018810	2834
1000014083	2345
1000017997	3732
1000003796	1804
1000017993	1339
1000006841	4614
1000017991	94
1000003793	2554
1000000687	126
1000010683	1863
1000000685	1647
1000016117	3473
1000008676	1889
1000012359	3903
1000006847	1124
1000008678	3867
1000007590	2540
1000003320	5056
1000000441	336
1000000443	411
1000018922	3428
1000000445	3582
1000000447	2612
1000003649	5269
1000003647	802
1000003645	1337
1000012342	4566
1000003643	581
1000003317	211
1000004343	1972
1000004341	1420
1000013055	1684
1000014788	3329
1000016978	4245
1000004345	605
1000016976	4113
1000016974	2459
1000000846	267
1000016972	4380
1000000664	73
1000016970	228
1000007835	1571
1000005986	284
1000010410	1367
1000003863	2942
1000007833	3342
1000003861	999
1000003606	2493
1000010418	1255
1000002741	4418
1000005988	2510
1000017360	3692
1000011439	1309
1000003604	2092
1000007804	2617
1000011433	1514
1000014150	15
1000011431	3862
1000016512	3362
1000011437	401
1000014154	150
1000011435	4596
1000008786	2735
1000007122	3546
1000007120	2981
1000022207	249
1000007126	4913
1000004238	2373
1000004236	3318
1000005924	4935
1000004234	3170
1000007128	1104
1000020771	1549
1000008788	1681
1000019964	1671
1000004167	282
1000004164	1590
1000002399	3277
1000004163	1288
1000004692	1701
1000003651	3427
1000020093	3960
1000017511	4975
1000004169	1978
1000014235	3857
1000014233	2302
1000010143	3293
1000014231	3735
1000018013	2764
1000002363	4815
1000016379	5000
1000014238	2805
1000019560	2131
1000013171	3192
1000017577	1687
1000019563	1747
1000017571	3701
1000019548	598
1000017573	2586
1000019567	1479
1000020727	3532
1000016984	1369
1000002181	4794
1000018118	3843
1000004580	5059
1000005280	4115
1000019760	2594
1000012823	1939
1000019766	4922
1000019764	2304
1000012249	2891
1000008092	1890
1000019768	3437
1000006736	3745
1000008094	4302
1000012825	2208
1000005362	2524
1000019588	3306
1000005366	4117
1000005364	1457
1000019582	1791
1000017456	3407
1000019580	4830
1000017943	2486
1000019586	470
1000019584	65
1000017611	3339
1000017612	4832
1000014528	2636
1000018699	1785
1000018019	4821
1000017617	813
1000018695	2638
1000014522	334
1000018697	4325
1000014520	2085
1000018691	2600
1000014526	4654
1000014524	122
1000016716	4
1000007168	1610
1000016714	3987
1000000251	4397
1000016712	162
1000018368	11
1000016710	4681
1000016538	4111
1000018364	655
1000016902	3046
1000018366	3686
1000012936	3347
1000018360	607
1000018838	3412
1000018362	1015
1000010651	3186
1000001429	1925
1000019104	2408
1000019102	2619
1000019100	801
1000006730	2563
1000005960	1059
1000005962	1190
1000005740	3778
1000019108	1703
1000005966	3468
1000002213	4349
1000010178	2584
1000002217	3790
1000002215	3341
1000001949	2016
1000002219	797
1000005564	696
1000003851	5145
1000013617	201
1000005560	1204
1000005562	2401
1000005568	374
1000000552	2200
1000018181	1835
1000017765	1694
1000018183	3429
1000016629	3748
1000018185	1032
1000000683	4473
1000018187	1761
1000017763	984
1000018189	1489
1000014416	1772
1000002695	1343
1000010653	2896
1000016627	521
1000002690	1685
1000014410	1752
1000018211	2066
1000013291	3364
1000015944	2409
1000018964	1274
1000015942	5026
1000018746	3132
1000015940	2010
1000013297	851
1000018219	4455
1000009120	3633
1000018748	4893
1000019616	3143
1000019858	2089
1000009126	3684
1000013478	677
1000012476	2787
1000002135	2389
1000009287	4083
1000005348	3988
1000013470	2581
1000005407	5068
1000013472	889
1000015682	4028
1000013645	2088
1000013476	2344
1000002326	790
1000016366	2855
1000012673	1535
1000016364	2174
1000012675	4917
1000016362	620
1000002320	5017
1000012155	5004
1000018981	2895
1000005410	1311
1000018983	4649
1000005412	788
1000018985	1169
1000005414	2103
1000016369	2828
1000016560	3854
1000016562	22
1000012827	3518
1000005592	4902
1000016566	1098
1000001932	66
1000001930	5242
1000002488	5024
1000001936	4413
1000001934	4330
1000015688	4850
1000014702	4641
1000014700	4757
1000014706	3655
1000014704	3423
1000012275	2824
1000012277	5196
1000014708	5041
1000012271	4944
1000005615	4989
1000012273	4519
1000015722	1415
1000015720	4376
1000008891	2346
1000015726	3097
1000003778	4500
1000015724	2130
1000015728	4992
1000007098	2884
1000012017	3940
1000002039	1957
1000013649	2575
1000002033	3602
1000002031	1796
1000013320	5078
1000002037	936
1000002035	28
1000002200	4485
1000013874	2793
1000007318	3253
1000013870	3654
1000022447	2171
1000016494	833
1000016496	4756
1000011000	4762
1000016490	5071
1000015618	4489
1000016492	4187
1000007090	3367
1000011009	4983
1000015613	2661
1000019985	5108
1000015611	2034
1000013029	1981
1000016763	4335
1000004273	2862
1000020733	1973
1000015436	4827
1000004311	1817
1000015432	2324
1000006198	2680
1000018826	1727
1000013001	3647
1000012700	1655
1000006196	3011
1000006190	1149
1000012499	180
1000020737	3298
1000001240	4718
1000006465	1616
1000012493	4406
1000016144	3201
1000012495	831
1000016142	2725
1000012497	2277
1000006462	2108
1000016389	3581
1000020739	4088
1000017266	3800
1000009669	4547
1000016381	3842
1000003763	4506
1000016383	4505
1000016385	3687
1000003855	5165
1000016387	653
1000010443	3780
1000017707	2484
1000003498	1223
1000010737	2997
1000010734	2084
1000010732	2589
1000003491	1853
1000010887	1342
1000011600	207
1000018263	2644
1000011605	4781
1000010914	3070
1000014895	3481
1000011609	2801
1000015543	975
1000017491	2400
1000006999	2959
1000015547	3421
1000015545	2775
1000008528	2643
1000006685	198
1000006687	4847
1000014049	3921
1000003013	2782
1000006431	3113
1000003011	3723
1000016672	4890
1000020691	3614
1000007023	3403
1000003015	155
1000006473	1764
1000006511	3819
1000006042	1872
1000006513	4080
1000020839	3120
1000006046	649
1000006044	1569
1000012768	4092
1000006518	4361
1000017143	3208
1000012162	4984
1000011930	270
1000010080	1164
1000007922	4253
1000010082	447
1000014098	687
1000003277	1734
1000010086	772
1000005800	4066
1000010088	1129
1000014092	4005
1000003279	4390
1000014090	3884
1000014096	777
1000018306	3837
1000012352	4468
1000008066	310
1000010641	890
1000003787	1670
1000017967	278
1000017965	1612
1000003789	1517
1000016773	1319
1000012803	3095
1000008068	3232
1000011734	2027
1000005544	3226
1000010568	509
1000017866	4472
1000011732	4014
1000019212	3917
1000011831	4365
1000019647	1304
1000013327	5064
1000000476	963
1000005728	2305
1000003659	1521
1000019359	1077
1000000472	2499
1000003655	241
1000005868	2500
1000007338	1726
1000014047	4076
1000000478	2167
1000003301	1959
1000000302	2441
1000014163	1006
1000000300	1347
1000001786	1212
1000000874	2541
1000001780	1627
1000000876	1138
1000004356	4520
1000000878	2264
1000016967	4659
1000016961	1222
1000001788	428
1000016963	816
1000007807	4396
1000003875	3741
1000020697	2620
1000003877	3992
1000020695	656
1000010463	1469
1000003873	4215
1000010461	2970
1000019375	437
1000011407	3214
1000010399	1745
1000019373	825
1000010469	3972
1000011429	1910
1000014148	3985
1000011405	1634
1000014141	2657
1000011420	2505
1000014143	3018
1000001737	1251
1000014145	1992
1000011427	2074
1000008795	2201
1000014726	3832
1000008797	3480
1000020743	196
1000007152	2011
1000004228	754
1000007150	1836
1000020747	3488
1000004225	3600
1000000277	1473
1000016591	5164
1000008799	1455
1000011409	3007
1000004223	1193
1000015121	4061
1000004174	2506
1000004177	3559
1000004176	3588
1000004171	4047
1000006611	3791
1000004173	2192
1000005469	4789
1000015123	5100
1000012602	3141
1000000383	4727
1000017549	735
1000017818	4463
1000006374	5202
1000005888	1589
1000006194	2485
1000017812	2932
1000018517	123
1000017810	3217
1000018515	2809
1000005882	3241
1000017545	5215
1000017814	3021
1000018511	110
1000019576	1596
1000019574	2404
1000018505	5057
1000019572	234
1000019570	1132
1000010063	3762
1000010061	5003
1000010067	977
1000010065	320
1000019770	3062
1000010874	5102
1000022309	609
1000004591	2490
1000018571	4856
1000009970	3627
1000008080	2442
1000008082	1201
1000001256	1614
1000022305	1482
1000005317	2037
1000005315	2739
1000005313	3589
1000013046	285
1000003977	4741
1000004221	3212
1000004349	2294
1000019594	2140
1000005319	1454
1000017605	58
1000020239	826
1000014559	3520
1000002275	3793
1000014555	4633
1000014553	2924
1000017609	360
1000014551	2632
1000014398	1954
1000016704	3879
1000018352	394
1000018421	821
1000018354	5127
1000016700	4087
1000018356	1195
1000016702	1423
1000018358	4592
1000000893	2268
1000014392	1668
1000018429	2236
1000000896	124
1000016708	1700
1000014396	4343
1000005770	1579
1000019114	979
1000019979	2179
1000017183	4517
1000005774	822
1000019110	4089
1000005776	3069
1000000426	1869
1000005778	3623
1000001436	3690
1000005956	1503
1000007898	4857
1000005950	586
1000020845	4303
1000019975	1541
1000005558	1878
1000004016	3761
1000002202	2842
1000013634	2097
1000008064	4676
1000002206	4717
1000013603	4822
1000002208	4107
1000005552	4599
1000018491	5134
1000003432	2743
1000005556	1313
1000006460	4750
1000016518	3956
1000017779	791
1000017022	4310
1000017773	2102
1000018300	1160
1000005790	3638
1000021452	4862
1000005796	4562
1000001888	4677
1000017775	686
1000016639	1200
1000006744	1554
1000017020	1924
1000001882	4313
1000002688	1474
1000016631	4885
1000016633	34
1000016635	3570
1000016224	1753
1000016637	4016
1000018736	3975
1000018225	2978
1000018734	3234
1000018227	3220
1000013283	1592
1000018221	4488
1000013281	2817
1000014934	3024
1000009116	1854
1000002516	3204
1000010643	1743
1000019604	3831
1000018738	718
1000002512	3625
1000000715	4112
1000016220	2172
1000006372	3642
1000020137	1325
1000013462	525
1000002334	1499
1000002336	4249
1000005428	5198
1000012641	2692
1000000253	4658
1000002332	2234
1000013260	1410
1000005426	3899
1000013262	3049
1000002338	2489
1000013267	1197
1000016908	3944
1000014307	2921
1000006534	3526
1000001921	4191
1000001925	3447
1000014305	1996
1000001927	214
1000013019	4378
1000014776	4144
1000012845	1935
1000012243	1435
1000012245	4271
1000018166	2986
1000018642	2178
1000004382	1573
1000018640	3167
1000016266	5208
1000018646	4608
1000018644	2492
1000008881	2676
1000015046	317
1000008883	4333
1000015732	137
1000008885	4931
1000015734	2021
1000008887	3678
1000015736	2888
1000008889	3344
1000012022	3034
1000014300	4548
1000012024	2918
1000010635	3281
1000002029	3172
1000017834	298
1000010603	5243
1000005465	4043
1000002021	3274
1000019417	2980
1000006214	2810
1000002025	10
1000002027	182
1000013862	1259
1000012308	3722
1000013866	1270
1000017396	4748
1000022421	3848
1000010739	3766
1000003827	1451
1000004337	4699
1000015609	1762
1000014877	4298
1000015605	2230
1000014431	4634
1000015607	2177
1000014606	2729
1000010882	4011
1000015603	2556
1000001254	4978
1000014951	3184
1000006851	1938
1000014954	3366
1000019113	4095
1000010884	2754
1000020777	4670
1000009932	3531
1000009930	1915
1000015426	590
1000015421	299
1000010730	2361
1000009934	1737
1000014530	4041
1000009938	1847
1000011945	2596
1000015428	426
1000012732	4210
1000008405	1823
1000006452	722
1000008401	13
1000006456	5079
1000006994	2245
1000006458	3811
1000017963	1736
1000010645	2382
1000015549	3801
1000002243	3282
1000009591	3720
1000010186	4954
1000006990	3820
1000003462	5192
1000001305	5084
1000011386	1100
1000009593	1741
1000003466	3004
1000003464	287
1000011383	930
1000010724	2280
1000003468	1085
1000014926	1652
1000011388	3710
1000010720	2637
1000010891	113
1000019756	3734
1000011634	3693
1000016119	3176
1000011636	3445
1000015635	3911
1000014532	4142
1000015551	1163
1000012459	4426
1000015553	348
1000011638	2686
1000008539	1480
1000015541	4734
1000012109	4161
1000001956	4732
1000008531	1963
1000008533	2578
1000008535	618
1000017420	4690
1000008537	1588
1000020829	2199
1000006526	4136
1000006032	611
1000006030	4965
1000018497	4816
1000020821	476
1000020823	461
1000006528	171
1000012105	4184
1000006038	3815
1000007347	4565
1000002170	597
1000010094	2923
1000010092	463
1000010090	4387
1000002464	4738
1000015678	5119
1000007433	1258
1000010098	4254
1000017971	3130
1000000737	4289
1000017973	239
1000012819	1079
1000007118	3558
1000010657	297
1000005876	4208
1000011700	363
1000011702	2426
1000011704	3287
1000005491	4244
1000011706	2257
1000008656	221
1000000468	215
1000022385	4466
1000019289	742
1000000461	2289
1000000466	1371
1000000464	1377
1000007320	1824
1000003662	3465
1000006149	964
1000003664	2173
1000007324	1550
1000003666	4159
1000007326	637
1000003668	3998
1000006143	4170
1000006141	3866
1000021464	4927
1000012511	4447
1000000643	2781
1000003849	1116
1000010389	3077
1000003519	524
1000000863	695
1000008999	1046
1000004363	2688
1000010383	2818
1000003841	786
1000003843	866
1000020357	43
1000012643	2547
1000010385	699
1000013351	4914
1000014122	4615
1000003689	1426
1000010473	264
1000008996	1056
1000003682	2270
1000018701	3845
1000003680	3180
1000020689	1145
1000018846	3672
1000003684	4233
1000012694	2446
1000000799	4237
1000014179	3908
1000000795	3705
1000008993	566
1000014177	4438
1000011411	1472
1000000793	3525
1000014173	4441
1000004210	3822
1000007144	1073
1000004212	725
1000006040	4764
1000018842	3084
1000020751	875
1000004217	842
1000004219	638
1000007920	2700
1000007148	642
1000020759	2899
1000007924	3196
1000021804	51
1000021806	1885
1000021802	2529
1000003407	3554
1000021808	1724
1000017808	4947
1000018509	4784
1000005898	604
1000017559	271
1000010834	2958
1000017557	544
1000005894	4765
1000017555	1801
1000017802	1909
1000017553	1135
1000005890	1140
1000018503	251
1000017806	516
1000005980	4920
1000010078	1786
1000001393	4612
1000010072	404
1000016686	4542
1000010076	517
1000022319	3949
1000002844	5012
1000013285	3353
1000019295	2481
1000018519	3528
1000006900	3868
1000019742	3758
1000022311	4997
1000020425	3755
1000020835	403
1000019748	2197
1000022317	2557
1000020761	2203
1000010876	2901
1000005307	5150
1000005300	26
1000005302	1965
1000014577	4166
1000016738	2707
1000010946	4186
1000014549	99
1000003281	3603
1000014579	1487
1000016730	3458
1000010084	4660
1000014547	1658
1000004540	435
1000016736	147
1000015894	4721
1000018346	747
1000018433	4759
1000015890	868
1000003275	644
1000015892	2699
1000018340	2850
1000018439	3621
1000014385	1027
1000019123	2360
1000014383	2318
1000002617	1897
1000019126	184
1000018348	1806
1000004148	1293
1000005766	1534
1000005764	2610
1000005762	2243
1000005760	2437
1000004141	1425
1000016400	389
1000005948	4405
1000004145	4284
1000019901	2316
1000012985	2823
1000002235	3360
1000002237	3948
1000002231	536
1000005549	712
1000002233	2365
1000005547	1502
1000005545	1706
1000012197	2204
1000002239	4583
1000005540	3082
1000005788	1635
1000017709	3669
1000005780	1061
1000002041	5047
1000005782	2917
1000017703	1429
1000005786	601
1000017394	4226
1000018239	2870
1000016609	2956
1000003782	62
1000018233	650
1000001395	2792
1000019138	3257
1000018237	5224
1000016601	4169
1000015966	1296
1000016603	135
1000002520	613
1000009102	31
1000002830	681
1000018726	983
1000019639	4503
1000002526	4296
1000018722	79
1000019635	4529
1000002838	3476
1000019637	3729
1000018729	4395
1000018728	2720
1000019633	1005
1000002308	648
1000008755	4969
1000014379	3060
1000002652	229
1000002301	701
1000002650	4896
1000008060	2368
1000002304	2785
1000012655	881
1000005832	2083
1000012385	2726
1000005432	2471
1000012387	2949
1000005430	820
1000012381	1130
1000005436	181
1000012383	4118
1000013705	381
1000013254	2362
1000016542	3223
1000013256	3415
1000016540	2609
1000012389	3118
1000013251	3040
1000017979	337
1000018085	3878
1000017010	1705
1000010649	3222
1000017016	5062
1000017014	4745
1000001914	118
1000017018	567
1000009979	2301
1000001910	3765
1000001912	2095
1000018659	4227
1000015076	2814
1000002786	1648
1000012253	2410
1000002781	1912
1000012251	1618
1000013389	1094
1000013387	1208
1000018652	1152
1000002788	2849
1000013383	3999
1000018657	2211
1000013381	573
1000015704	3875
1000015706	4704
1000004159	3702
1000012039	2656
1000012037	3483
1000005944	4351
1000015708	3032
1000012032	945
1000012030	1287
1000004157	4680
1000011736	1886
1000002018	3645
1000006208	3389
1000002014	4604
1000002016	2796
1000006206	3171
1000002010	4776
1000006200	1055
1000002012	3256
1000006202	3757
1000015371	3540
1000014030	4526
1000004154	2502
1000022467	6
1000005750	4601
1000022465	1867
1000022469	3943
1000022203	5137
1000006524	3894
1000006493	4242
1000015631	4412
1000004151	3534
1000014615	1837
1000014617	1709
1000015081	4720
1000014940	3797
1000014942	538
1000005322	4946
1000014944	4078
1000015148	109
1000015146	4059
1000015144	625
1000015413	2026
1000015142	2731
1000015415	1974
1000015140	4114
1000011738	1393
1000015389	3147
1000001851	4930
1000018624	5256
1000015381	3106
1000015383	148
1000015385	1990
1000019631	3657
1000015387	1375
1000006443	2695
1000011020	4000
1000013922	2904
1000006362	3593
1000013924	1109
1000001723	4574
1000007820	4469
1000006360	2226
1000013061	4379
1000000470	5123
1000002548	2238
1000007720	4297
1000010863	2639
1000010712	2652
1000013666	3207
1000010714	1196
1000010716	2220
1000010865	313
1000010718	256
1000010868	480
1000007722	5111
1000012581	2054
1000003307	2048
1000015568	3119
1000016936	1748
1000018427	5262
1000017551	2511
1000015565	627
1000014930	3721
1000003305	3425
1000007001	2394
1000006538	2449
1000015099	4082
1000006532	2689
1000002129	2158
1000006530	1404
1000015091	3981
1000002268	3746
1000015093	2716
1000005393	2462
1000006024	24
1000006849	664
1000006026	5082
1000003653	3768
1000006843	3285
1000020816	858
1000020810	1003
1000006028	3544
1000001991	4265
1000004351	3928
1000018648	4127
1000007809	2029
1000013856	3980
1000004353	4775
1000017945	880
1000002166	5096
1000010667	233
1000017941	1424
1000011719	2941
1000010663	592
1000011717	3381
1000012829	2068
1000011715	756
1000017949	1513
1000011711	68
1000013709	4020
1000000304	1386
1000000418	3448
1000000416	2128
1000001998	2457
1000000414	3131
1000000411	4323
1000006158	1117
1000007316	441
1000003672	2780
1000003670	1303
1000011393	4860
1000011391	4502
1000011397	682
1000011395	2372
1000003678	3905
1000016947	1651
1000018718	427
1000016945	1036
1000016943	4579
1000000630	599
1000016940	3541
1000003857	1595
1000003500	1462
1000010910	3740
1000017495	2051
1000003853	3580
1000017493	5230
1000000638	481
1000010447	1165
1000003699	4730
1000019355	2950
1000006425	3015
1000003691	556
1000003693	1352
1000003019	4024
1000003695	2202
1000003697	328
1000007178	52
1000011401	962
1000014167	587
1000016615	3262
1000014165	1105
1000010467	2819
1000007170	559
1000014169	1621
1000013567	4150
1000007174	3269
1000007176	3006
1000000522	49
1000016752	1399
1000000520	2653
1000010465	3524
1000000526	3051
1000000524	3005
1000007772	5094
1000000528	4461
1000018712	1986
1000003716	3334
1000010391	1526
1000005866	5109
1000000743	568
1000000741	2013
1000004386	2940
1000005910	4737
1000003974	2181
1000012871	4143
1000020031	1123
1000017838	994
1000020789	4102
1000018538	330
1000017836	1914
1000007158	4460
1000017830	1667
1000017832	854
1000020783	3890
1000009598	3677
1000013140	4295
1000019758	1543
1000010049	4770
1000014287	3259
1000010045	1382
1000019750	1640
1000019148	3644
1000010042	3877
1000019754	3294
1000011415	2708
1000004379	953
1000019620	1744
1000019280	593
1000004373	3372
1000015872	3100
1000004371	4550
1000004377	1081
1000022321	1040
1000004375	2671
1000022323	2654
1000018740	5244
1000015870	2876
1000001784	4305
1000002439	3258
1000014570	2163
1000005330	4173
1000017454	5072
1000015888	305
1000016728	1600
1000015882	157
1000008633	3759
1000016724	1527
1000005332	483
1000015884	2759
1000018404	3158
1000000869	2555
1000018407	2835
1000018400	1504
1000014377	2348
1000008778	3080
1000015103	2421
1000018956	5251
1000019136	3371
1000019134	1660
1000018409	1539
1000019130	475
1000005936	1577
1000005934	2995
1000007443	1998
1000005336	3230
1000005930	2098
1000017961	2566
1000018087	1988
1000004153	456
1000011423	4811
1000005938	2175
1000021814	2113
1000018398	1246
1000013668	3486
1000012546	3417
1000018396	3881
1000015105	2473
1000018390	4545
1000013660	5209
1000014478	3508
1000017719	4571
1000017444	5236
1000002061	4740
1000017715	550
1000017717	3954
1000017711	315
1000017713	2351
1000012542	3951
1000016613	429
1000003578	2960
1000016611	5203
1000010918	4513
1000016617	3874
1000018248	707
1000020741	4055
1000018246	1439
1000016619	1953
1000008929	2526
1000018714	2343
1000018716	1284
1000015518	5207
1000019623	339
1000018089	537
1000005848	465
1000013068	1362
1000014283	216
1000002827	2525
1000014281	442
1000013063	2964
1000012891	1766
1000018082	445
1000018083	4086
1000005334	5
1000013066	836
1000005844	2229
1000020745	1572
1000003540	5105
1000013480	2325
1000002314	4105
1000016767	4665
1000008793	4573
1000013487	807
1000002318	829
1000005590	4510
1000002316	1525
1000012624	3737
1000002642	1
1000012622	2517
1000002312	2004
1000012620	4570
1000002310	692
1000013243	2006
1000013241	265
1000006408	3267
1000013247	1139
1000005440	82
1000016536	3557
1000016534	129
1000002646	721
1000016532	391
1000003572	2494
1000005448	1053
1000001903	2491
1000013711	3664
1000016418	4829
1000017008	1052
1000014752	4266
1000001908	933
1000013713	612
1000003791	5107
1000000273	3242
1000019484	3989
1000018881	2622
1000002229	375
1000018883	1722
1000013398	1156
1000018886	3038
1000002223	798
1000018665	4425
1000002221	4692
1000013396	262
1000013391	490
1000021518	2508
1000014594	2041
1000018663	808
1000007424	3961
1000013245	843
1000013142	5066
1000002425	3310
1000006406	3495
1000016280	2258
1000002002	3624
1000016282	3352
1000012531	911
1000016284	4652
1000012537	479
1000016286	169
1000001861	3392
1000016288	1653
1000006239	469
1000012287	412
1000018867	1048
1000018865	533
1000016442	4392
1000022417	2996
1000016440	4563
1000022415	501
1000016446	304
1000022413	2253
1000016444	617
1000022411	2077
1000016448	2712
1000019875	4537
1000006763	3957
1000022419	5099
1000015767	2696
1000015623	2898
1000016530	3026
1000017133	5201
1000015620	1605
1000014625	1682
1000014627	628
1000014621	4746
1000020860	3265
1000014974	1968
1000014976	2732
1000014970	2185
1000014918	2568
1000014972	3373
1000015155	3493
1000015157	2543
1000002254	2691
1000014978	4560
1000015150	458
1000015153	1926
1000014916	4353
1000012755	1385
1000005954	4264
1000009912	3144
1000006819	4190
1000008425	376
1000018885	4451
1000008423	3491
1000016246	3706
1000015391	1609
1000012951	5173
1000003917	4065
1000011893	1542
1000014152	4366
1000011896	311
1000017969	4449
1000016660	4828
1000006308	2501
1000013934	4073
1000011418	5061
1000015718	1355
1000006947	2256
1000015580	3714
1000004394	4951
1000002792	2317
1000015712	4398
1000020423	4791
1000016949	4877
1000013237	3031
1000015716	4952
1000015714	2166
1000010706	2022
1000003447	189
1000010702	472
1000006945	1619
1000011872	2704
1000006495	3742
1000006949	70
1000006491	4026
1000002796	59
1000015572	2838
1000015570	1528
1000008941	3883
1000015576	286
1000008971	3336
1000015574	2240
1000017939	4299
1000002794	3502
1000003737	1976
1000015083	3983
1000007543	3292
1000015087	1661
1000008985	5166
1000015085	2436
1000006549	3156
1000018828	2347
1000017816	4800
1000006012	4569
1000006545	946
1000006014	845
1000006016	4988
1000014320	5174
1000006582	2588
1000016268	3852
1000020800	4958
1000005880	3255
1000006839	81
1000016262	2866
1000006837	3264
1000016260	4134
1000005858	3970
1000006784	417
1000006833	1945
1000016264	1033
1000006831	534
1000010766	5087
1000010679	749
1000016222	4053
1000010673	4706
1000017951	217
1000010677	1250
1000010675	263
1000003328	5080
1000012837	3268
1000018888	1844
1000008973	4009
1000012833	886
1000017933	5212
1000012831	2984
1000002389	2701
1000006018	4444
1000018058	4875
1000015900	1977
1000012839	2822
1000007308	141
1000000409	3510
1000014139	3666
1000008611	395
1000000405	815
1000002227	4910
1000000407	382
1000007300	5177
1000000401	4257
1000007306	809
1000004390	4023
1000018661	3096
1000006514	4037
1000021448	4328
1000002225	4388
1000017769	4541
1000006160	986
1000019474	4986
1000006162	1809
1000010994	5018
1000000624	219
1000003242	5129
1000003538	1585
1000017488	1642
1000010459	3280
1000017002	4908
1000010457	245
1000010455	502
1000017486	3101
1000003530	938
1000010904	33
1000010451	5235
1000017482	85
1000006020	4263
1000008619	3090
1000019578	4865
1000011477	2885
1000011475	1716
1000011473	151
1000011470	2892
1000014111	1121
1000022247	1476
1000007166	3181
1000005826	4835
1000007164	2377
1000007162	1477
1000003228	4336
1000007768	1657
1000000245	1378
1000019804	3030
1000000243	1464
1000000534	5160
1000003999	3444
1000009918	4530
1000000538	958
1000007762	3068
1000003992	56
1000007764	408
1000000249	226
1000007766	3774
1000004413	3368
1000004411	1891
1000004417	17
1000016849	359
1000000751	3683
1000016847	823
1000000753	2694
1000000757	1876
1000019214	4409
1000020793	478
1000017822	2979
1000019018	2808
1000017820	3522
1000018523	1970
1000020796	1267
1000018521	785
1000001252	3839
1000017828	3094
1000005862	3914
1000018529	4145
1000010053	175
1000001591	4218
1000014028	1341
1000010057	5180
1000009589	2133
1000012533	3965
1000014022	2214
1000004097	2101
1000010059	2142
1000004095	3968
1000004092	4148
1000014024	997
1000011505	2297
1000001752	3398
1000001750	1111
1000002000	3519
1000001756	769
1000004309	3430
1000004307	1391
1000016934	5135
1000004305	1360
1000004303	3311
1000004301	545
1000001579	291
1000001296	3433
1000013040	4261
1000002004	3772
1000001575	4598
1000004526	2141
1000014566	3688
1000019332	5169
1000014561	3160
1000012285	2531
1000018413	5175
1000018328	5133
1000020249	4554
1000014568	2719
1000007596	2384
1000018017	4514
1000018861	1735
1000016018	3770
1000014369	3937
1000016996	3779
1000013510	2247
1000007594	647
1000016992	2604
1000012281	1411
1000019433	3651
1000005926	2023
1000019388	2544
1000005920	3251
1000019435	405
1000019384	753
1000003035	3338
1000019386	54
1000012283	2090
1000005928	1510
1000019382	2432
1000000569	3383
1000002498	2044
1000018380	1045
1000018386	835
1000002490	3679
1000001446	834
1000002492	2585
1000013129	2790
1000002496	1485
1000017721	2495
1000017723	4156
1000017725	3661
1000016726	3152
1000017727	4452
1000013801	1587
1000003424	4640
1000000306	5153
1000016666	2889
1000014497	2367
1000016664	76
1000017751	2994
1000016662	3786
1000013803	1841
1000018709	3441
1000012999	3776
1000018707	2364
1000018254	3984
1000018705	2407
1000018256	3578
1000018703	3715
1000018250	2580
1000016668	3449
1000018252	1704
1000002814	1922
1000014294	981
1000014296	467
1000002810	674
1000014290	865
1000018099	1855
1000014292	3166
1000018097	3565
1000005850	1742
1000018095	1019
1000013015	2151
1000002818	662
1000013013	1813
1000018091	905
1000013011	1428
1000018437	4225
1000012639	2242
1000010922	4327
1000014490	2665
1000014966	3711
1000013725	1509
1000013234	4230
1000013232	3324
1000005450	132
1000013230	4631
1000005452	2386
1000016524	3823
1000018072	4217
1000016520	4025
1000016522	867
1000001974	4761
1000005854	1980
1000001972	2853
1000020433	4338
1000014746	4752
1000016607	4558
1000014742	2863
1000014740	4475
1000018897	2216
1000018671	5233
1000018677	3279
1000018675	1714
1000014581	4347
1000018679	2188
1000002252	895
1000018899	1882
1000006320	5033
1000018350	2875
1000003757	4685
1000014418	3107
1000016085	4067
1000012348	4985
1000016722	3435
1000018879	386
1000008989	661
1000012291	240
1000013349	449
1000012297	57
1000012524	1985
1000013653	1755
1000016290	4664
1000012529	2453
1000008981	220
1000013832	924
1000013341	1277
1000018875	700
1000013347	281
1000018877	1076
1000016298	1896
1000022407	3439
1000016452	4432
1000008896	4726
1000016454	2458
1000016456	316
1000016458	2765
1000018425	2157
1000022409	1955
1000017107	3406
1000014259	1719
1000014631	2412
1000014637	1154
1000014635	1088
1000014639	3399
1000019698	3485
1000015161	1244
1000015163	2539
1000015165	4308
1000016123	4375
1000015168	1440
1000019249	2465
1000019220	670
1000015362	3808
1000014130	1628
1000015360	1637
1000006318	1041
1000015364	1794
1000011598	4921
1000006312	161
1000016180	224
1000006316	1778
1000006314	3821
1000019502	2939
1000011883	3365
1000011403	1843
1000014134	5264
1000013906	4899
1000019243	5021
1000000864	4719
1000013902	1622
1000002322	5254
1000011456	2592
1000005570	4956
1000015769	300
1000017995	3653
1000005958	1818
1000017210	2598
1000015763	4206
1000017212	4435
1000015761	1092
1000010844	940
1000006953	4782
1000010847	3777
1000010840	2366
1000018583	3958
1000010842	1234
1000008765	321
1000006958	796
1000006489	4054
1000011646	3250
1000010849	3754
1000011642	2561
1000015506	1692
1000022252	3056
1000015504	237
1000007182	783
1000015502	1384
1000015500	731
1000004682	4188
1000012230	5117
1000017777	4911
1000019971	2443
1000018229	5014
1000000695	5104
1000007574	2574
1000007576	4049
1000018192	2352
1000006559	968
1000016079	1576
1000006008	564
1000016077	520
1000019119	1538
1000016075	752
1000006004	1880
1000006551	324
1000006002	4465
1000006553	2758
1000005818	551
1000016278	406
1000005722	3906
1000014968	2640
1000006829	166
1000005952	4033
1000006798	3178
1000006825	2893
1000006796	338
1000006827	876
1000016272	3752
1000018302	4700
1000016274	1731
1000014964	495
1000010547	4090
1000004384	2535
1000019973	3927
1000010608	91
1000017929	1545
1000017927	1975
1000018029	4427
1000017925	965
1000017923	4262
1000017921	4587
1000013858	2420
1000015213	2660
1000015211	2474
1000008621	1248
1000002578	3198
1000008623	2648
1000018904	2968
1000000431	1617
1000000433	1143
1000013766	683
1000015182	2042
1000000439	257
1000015180	3461
1000015186	415
1000003639	5044
1000015184	2002
1000006173	4618
1000013768	2839
1000021450	69
1000005670	4236
1000003452	3594
1000021458	2840
1000022303	4309
1000003456	2938
1000003454	1546
1000020652	2943
1000010939	3604
1000018388	3860
1000003524	4619
1000010935	920
1000003528	1877
1000010930	1180
1000006306	4116
1000010933	4729
1000010112	5065
1000009388	3331
1000010110	1746
1000010116	1257
1000012583	3411
1000010114	1810
1000006613	2645
1000010118	3440
1000019772	4419
1000006774	2241
1000014104	1586
1000014107	626
1000011466	2925
1000013439	4966
1000014100	1757
1000008757	4712
1000014102	2291
1000008759	4231
1000012991	2816
1000003322	1856
1000012993	4901
1000014109	2110
1000011468	2
1000012997	4194
1000000504	4437
1000000506	8
1000005650	1697
1000003989	2357
1000000501	800
1000016216	812
1000003985	1679
1000003236	440
1000010595	1563
1000000508	1358
1000003980	2035
1000003983	4097
1000010591	1192
1000004400	3496
1000004402	3320
1000000769	177
1000009283	4017
1000004406	840
1000004408	102
1000010120	3977
1000005654	1147
1000000761	165
1000000763	2126
1000020015	919
1000009372	619
1000017855	2267
1000009374	1496
1000017581	3057
1000009376	1357
1000017583	1822
1000000295	1907
1000016210	2463
1000000291	2779
1000000293	2985
1000010026	176
1000015490	4960
1000001585	3183
1000014780	1597
1000010022	3994
1000004088	1861
1000010020	3814
1000004085	2861
1000019734	4164
1000002146	4818
1000009579	367
1000004081	4004
1000014034	2096
1000001589	2797
1000014036	1087
1000001741	1320
1000001743	1049
1000005794	861
1000010893	3830
1000001746	72
1000001748	3464
1000000612	2416
1000004316	733
1000000614	121
1000017591	1414
1000004313	2488
1000000671	993
1000004438	4228
1000020273	1506
1000020275	4410
1000000677	2170
1000015498	2595
1000004536	2530
1000006623	4100
1000004530	5031
1000020472	2109
1000018467	92
1000016904	3142
1000020474	3168
1000005918	2627
1000003813	4959
1000017458	4320
1000016980	3328
1000014351	2119
1000014353	1090
1000017452	42
1000019726	4834
1000005912	673
1000016988	5183
1000005914	2587
1000005992	576
1000005916	1444
1000019421	4651
1000019423	2552
1000000280	3122
1000019425	1816
1000019427	2018
1000002790	2136
1000013249	2149
1000003817	2721
1000019398	2607
1000003968	4853
1000013131	2129
1000013133	811
1000005597	4209
1000013135	439
1000005996	3769
1000013137	1434
1000013640	1368
1000002486	1183
1000002483	917
1000005599	2107
1000002481	557
1000005998	1574
1000017735	3738
1000006941	616
1000017733	5171
1000017731	2778
1000018431	4810
1000017989	3321
1000000289	208
1000003441	377
1000016674	4932
1000000968	3017
1000002808	948
1000016670	750
1000019608	3859
1000002802	4929
1000002800	1114
1000000966	243
1000016678	218
1000002805	849
1000002804	3835
1000018062	2576
1000009398	275
1000018066	1850
1000002449	4809
1000019643	4907
1000010878	4981
1000013005	200
1000009118	2628
1000018068	1089
1000009368	3470
1000005860	3515
1000001258	5034
1000013003	2597
1000012600	3303
1000005812	3309
1000018288	693
1000012356	3065
1000002666	3209
1000012354	887
1000002664	2957
1000005460	1895
1000013732	3739
1000018280	2123
1000005463	1361
1000018286	2673
1000013736	2900
1000018284	1758
1000005467	563
1000016510	1493
1000013224	720
1000005668	1720
1000016514	768
1000014117	5220
1000016516	4888
1000013222	2106
1000005662	2830
1000010031	2972
1000005660	5125
1000010708	1567
1000005666	3308
1000013228	4552
1000005664	3616
1000017024	2252
1000001964	452
1000003808	2577
1000001966	4501
1000001960	2116
1000001962	1103
1000010414	4539
1000018060	116
1000001968	2378
1000013163	3584
1000018606	832
1000002023	4260
1000005846	4572
1000018602	413
1000002248	5205
1000018600	3211
1000002246	3102
1000002241	580
1000018608	2573
1000012589	4471
1000009104	4557
1000015664	4645
1000001286	2833
1000006673	4667
1000014600	4222
1000002065	1335
1000012515	4872
1000018848	3479
1000011522	3083
1000002063	364
1000008998	3190
1000018844	3343
1000013826	666
1000013353	2755
1000022433	1331
1000012518	306
1000008747	4462
1000008991	1987
1000016464	3379
1000004320	5154
1000016466	4354
1000016460	3902
1000021436	4691
1000016462	1433
1000005864	5195
1000016468	1795
1000011754	3327
1000017111	5027
1000012192	2931
1000002864	5239
1000013264	2786
1000012195	2207
1000009889	4582
1000014641	67
1000018113	4197
1000018116	471
1000004325	2073
1000015176	2132
1000014156	4671
1000015174	5147
1000017392	4154
1000013565	1631
1000019369	4974
1000004327	3836
1000009972	1275
1000014113	2105
1000012776	255
1000015178	1022
1000002119	1537
1000000355	5070
1000014400	3697
1000016174	4423
1000022215	3127
1000006366	3355
1000007545	3567
1000006364	2030
1000002703	4344
1000012176	223
1000000357	87
1000002117	1941
1000013912	3450
1000020765	1508
1000022508	1498
1000007547	3698
1000012397	2847
1000005507	4160
1000003005	2560
1000012585	4709
1000020763	3716
1000017203	5248
1000006010	2456
1000017201	3552
1000008947	2145
1000015774	4259
1000015776	1218
1000015771	914
1000004253	4627
1000012393	3071
1000014822	4990
1000017406	4075
1000014820	937
1000003289	4058
1000014826	4976
1000011675	4655
1000014824	1695
1000011855	4372
1000012391	2336
1000006968	952
1000001417	1468
1000011853	961
1000015514	640
1000015516	5249
1000015510	2359
1000015512	1107
1000007560	4559
1000007566	1905
1000019486	2772
1000006310	4594
1000016083	1289
1000008577	814
1000016081	2272
1000006565	3297
1000008573	2806
1000006567	2431
1000006569	112
1000011984	1400
1000016089	3138
1000008579	2667
1000006423	3022
1000011981	1821
1000020865	1327
1000006811	779
1000020867	1184
1000006813	1894
1000016248	4531
1000006815	675
1000020863	908
1000006817	4360
1000016244	2832
1000006933	1372
1000014914	980
1000012399	4742
1000016240	3409
1000016242	3387
1000014911	565
1000003731	3749
1000010619	3129
1000016105	723
1000003735	2955
1000017935	172
1000020263	2882
1000006580	3140
1000006439	4551
1000017931	1330
1000010610	3422
1000006584	1827
1000018164	5045
1000015208	1252
1000012554	3615
1000007698	2570
1000008617	277
1000015200	2693
1000004055	5216
1000000828	5210
1000015204	3215
1000015198	508
1000000424	2659
1000007369	453
1000000422	1159
1000000420	1544
1000007365	3273
1000015190	5001
1000007367	127
1000015192	1008
1000007361	419
1000020504	4121
1000000428	3506
1000010859	295
1000006786	1875
1000003429	4773
1000003780	3892
1000003427	2189
1000010851	4369
1000010857	1035
1000003420	1478
1000003885	1029
1000020315	1494
1000010920	4274
1000007967	4377
1000010926	3085
1000003550	4522
1000010924	1172
1000020648	5028
1000010928	488
1000017959	1859
1000003802	4711
1000011631	5222
1000010100	1229
1000010102	4077
1000010104	4006
1000010106	1948
1000011450	947
1000010108	818
1000014132	2684
1000011454	88
1000018477	3133
1000014136	864
1000007180	850
1000009628	1710
1000000518	793
1000008761	1615
1000012989	1007
1000008763	1913
1000012987	1575
1000000512	4027
1000011690	679
1000000510	857
1000012983	1481
1000000516	3457
1000012981	4774
1000000514	192
1000007211	2647
1000007742	2274
1000013258	3512
1000018120	2428
1000010589	1264
1000008894	3826
1000007744	2641
1000010585	3747
1000005792	2278
1000010587	4611
1000007748	632
1000010581	1213
1000006617	2791
1000010583	510
1000001233	3283
1000005680	4167
1000013404	4967
1000017599	1025
1000005652	2363
1000004432	2379
1000018575	3939
1000020003	4953
1000017957	3861
1000020001	657
1000020007	596
1000017595	2198
1000019090	3731
1000000282	1134
1000019092	4593
1000017846	1533
1000000287	1066
1000017955	1626
1000000285	4010
1000017842	767
1000003952	1497
1000003950	312
1000003956	4629
1000017848	2406
1000017563	2414
1000009561	4806
1000019253	3061
1000010037	3086
1000002633	757
1000014008	2910
1000010033	1800
1000011524	3637
1000019259	3590
1000010039	4904
1000016302	4887
1000014002	3073
1000012366	745
1000003784	3316
1000001775	4411
1000000359	2314
1000001771	1408
1000022353	5265
1000001773	3008
1000000607	3053
1000004329	2766
1000000605	774
1000012364	1562
1000000351	4042
1000000601	988
1000020488	3529
1000012028	2965
1000012395	4278
1000017442	4478
1000014387	3912
1000006499	2250
1000004050	3039
1000004056	1071
1000019550	3725
1000020468	629
1000014349	4314
1000015044	4578
1000012045	4436
1000014343	414
1000014341	711
1000020462	4291
1000014347	2926
1000015042	2768
1000017448	1282
1000008381	1729
1000012738	3639
1000008387	362
1000005908	987
1000005906	2284
1000008933	4669
1000005904	3579
1000005902	2353
1000005900	186
1000004184	795
1000019415	482
1000004187	2327
1000004181	2249
1000015684	4925
1000019413	4430
1000001176	3115
1000005656	2338
1000019419	4319
1000019411	4923
1000002472	2381
1000013105	882
1000002470	3395
1000005276	2553
1000002476	4724
1000005270	4141
1000002474	2017
1000005272	5052
1000000622	5136
1000002478	344
1000005278	2496
1000018581	3416
1000016649	12
1000002324	1946
1000009001	3286
1000016641	4964
1000016643	1050
1000016645	436
1000012236	4221
1000003591	4015
1000019679	1591
1000006768	5076
1000002878	322
1000012410	4318
1000002876	459
1000019671	3247
1000002874	3414
1000002872	3233
1000002144	4240
1000014728	4045
1000018278	1298
1000018070	2402
1000005870	2331
1000018074	1060
1000005874	1677
1000013038	366
1000009640	5200
1000001398	4996
1000019071	3330
1000002898	3545
1000019077	1765
1000019075	771
1000013218	1459
1000018298	909
1000002615	1645
1000002612	2742
1000012344	199
1000005479	2248
1000005274	1831
1000005477	398
1000012350	3788
1000005475	1630
1000018292	2690
1000013214	2050
1000018294	4769
1000005471	2936
1000002619	133
1000001958	2903
1000016506	4307
1000002584	1004
1000010659	2244
1000002582	2770
1000016502	3585
1000002580	499
1000016500	888
1000001951	763
1000005672	2127
1000018451	4185
1000017053	1901
1000002588	928
1000005676	1475
1000017699	1466
1000019554	4518
1000003971	3446
1000016676	3386
1000017693	3727
1000017697	1715
1000002902	1012
1000018614	2681
1000015838	352
1000002273	1699
1000018610	1421
1000002904	762
1000002277	4819
1000015832	3935
1000002279	3471
1000015830	1639
1000005580	2629
1000015836	2669
1000018618	1495
1000015834	3240
1000005584	2055
1000002059	3175
1000012509	2679
1000002729	4994
1000012606	2332
1000012503	222
1000002723	3817
1000012501	4962
1000002053	3865
1000002727	871
1000012505	4290
1000002057	1305
1000008962	158
1000008960	2438
1000002299	1664
1000018857	904
1000008964	569
1000018854	4317
1000022427	136
1000016472	838
1000013366	3078
1000008969	1231
1000016476	2306
1000013362	3299
1000002295	326
1000012293	3573
1000014161	3455
1000007069	3302
1000001829	2877
1000016746	4192
1000005284	2460
1000013697	2564
1000015224	3990
1000018109	4602
1000012186	350
1000014657	3359
1000014651	2920
1000021442	3238
1000001778	5199
1000018101	1879
1000018103	4528
1000014765	4786
1000018105	2744
1000018107	1530
1000012608	4814
1000013868	4696
1000009968	2430
1000010908	3159
1000009964	3307
1000012764	2093
1000009962	3941
1000015344	235
1000012168	3237
1000015346	2265
1000015340	146
1000006378	474
1000015342	2973
1000002125	4202
1000017844	4060
1000006376	1389
1000015348	2227
1000012164	53
1000015698	4610
1000000237	2290
1000022512	513
1000013964	3376
1000022510	4725
1000010166	4778
1000022516	2625
1000000702	3562
1000022514	667
1000004266	2702
1000015740	658
1000003534	2122
1000015742	1730
1000015744	3893
1000015746	4484
1000015748	1430
1000002421	4886
1000020337	2571
1000014830	3712
1000014833	75
1000000239	4219
1000014835	899
1000013740	4195
1000015520	3397
1000010453	2528
1000011849	1390
1000015523	2614
1000005422	4535
1000016761	1580
1000017480	3995
1000008818	1564
1000007284	4763
1000008812	3789
1000008541	2655
1000008810	2546
1000008543	2807
1000008816	1918
1000008545	2323
1000016091	3036
1000006576	4062
1000013532	547
1000006574	2812
1000016095	4458
1000018378	18
1000016097	1381
1000016099	3418
1000020851	3041
1000020853	424
1000010055	5156
1000011993	4532
1000006578	5163
1000006770	1291
1000017308	1294
1000006804	1739
1000014909	4493
1000003033	1024
1000006800	885
1000014905	1770
1000017303	4540
1000014907	1629
1000016258	4122
1000014901	2217
1000018374	5023
1000006809	2014
1000010791	4321
1000006599	2747
1000010621	1074
1000007984	4679
1000015844	1299
1000010624	1442
1000017905	505
1000012115	3535
1000003726	3953
1000006591	3802
1000017909	1038
1000006593	5016
1000015842	4823
1000008607	1326
1000015138	4355
1000015238	2468
1000002979	4843
1000008601	996
1000015234	2019
1000015236	2827
1000015230	3405
1000015232	2698
1000001431	4743
1000007422	2532
1000007351	3419
1000007353	1214
1000007355	2279
1000000849	2788
1000007357	1949
1000007359	3404
1000007429	3689
1000002601	678
1000002405	1068
1000019079	2658
1000003439	432
1000014051	3704
1000010826	4497
1000006972	743
1000003437	3340
1000010820	1118
1000005692	1846
1000010956	1261
1000003544	2154
1000010954	153
1000010952	1779
1000002401	4918
1000010950	156
1000012882	4019
1000009557	4422
1000005690	1903
1000003548	697
1000010134	3549
1000005972	4051
1000010136	97
1000014115	1830
1000013007	2007
1000010132	4070
1000014128	294
1000008772	2146
1000013355	1397
1000008770	4232
1000011335	418
1000005754	179
1000014120	719
1000011688	1300
1000000485	4543
1000012971	1067
1000000636	2634
1000012977	950
1000000568	1507
1000012975	3164
1000000566	2376
1000005752	4052
1000009632	1345
1000003347	3128
1000000563	2213
1000011686	883
1000008949	2601
1000007730	290
1000007223	1607
1000009936	3551
1000005698	3103
1000006607	191
1000015936	5187
1000017878	1174
1000000704	2927
1000008749	4374
1000013419	3509
1000015423	4523
1000000700	5167
1000012616	853
1000017870	751
1000017872	3394
1000012299	4564
1000017876	1419
1000003949	2350
1000010009	2603
1000008914	2005
1000019081	1001
1000010001	3547
1000003943	4029
1000010003	2469
1000010556	2521
1000015038	3356
1000010554	1191
1000012612	1560
1000014012	1280
1000001769	4936
1000011530	1723
1000014017	2303
1000002610	4839
1000014015	3248
1000000530	5257
1000001763	250
1000008830	4139
1000001761	1691
1000012610	2099
1000001767	5158
1000009559	1155
1000001765	3490
1000012886	86
1000012884	212
1000000532	4304
1000000364	1108
1000000366	1808
1000018290	4924
1000000368	1803
1000007602	4109
1000013744	3284
1000004339	4373
1000012889	152
1000006450	1864
1000000887	3081
1000003191	3002
1000020297	915
1000020295	934
1000004041	2210
1000005473	4064
1000019885	5093
1000000536	3478
1000019883	4613
1000004044	4251
1000019881	410
1000018441	1220
1000000389	1966
1000013216	2966
1000003997	1488
1000006454	50
1000020456	2273
1000018296	83
1000014333	4416
1000020452	3733
1000014331	1932
1000002586	4496
1000019409	3909
1000008395	2831
1000005678	4864
1000017474	4179
1000004192	3224
1000017476	5011
1000017472	318
1000002258	5086
1000008153	2646
1000001892	1167
1000014390	5022
1000014412	4110
1000004422	1930
1000001167	2683
1000004420	4760
1000001163	5091
1000004424	2223
1000002462	2974
1000016250	3410
1000002466	4498
1000002468	1438
1000001896	1902
1000002328	5042
1000014480	606
1000008741	3075
1000014482	2916
1000014484	4363
1000000483	3134
1000017057	1042
1000014488	1314
1000016655	2371
1000016653	4300
1000016651	2512
1000014243	4801
1000002352	2666
1000017055	4099
1000014247	4758
1000014245	1207
1000001954	5054
1000016892	242
1000002860	651
1000002862	2475
1000001381	893
1000018045	3315
1000013025	523
1000018047	4085
1000018592	3978
1000018041	385
1000013021	1561
1000018043	778
1000001388	1292
1000002608	335
1000013587	3592
1000019065	2374
1000018049	2246
1000019067	741
1000014922	4970
1000002604	1899
1000018910	3047
1000005481	1443
1000018916	1013
1000005487	856
1000018914	3456
1000005485	2180
1000007600	3013
1000002629	4844
1000005489	379
1000013750	1141
1000013752	2155
1000002597	2872
1000005648	1063
1000013599	460
1000001947	4521
1000005645	4151
1000010633	4039
1000005647	3718
1000001943	1936
1000001941	259
1000005643	4785
1000014794	2003
1000017438	1849
1000014796	5182
1000014790	1010
1000017689	1663
1000016920	4820
1000018620	111
1000006974	4234
1000018622	3764
1000005399	3492
1000014798	4630
1000014394	3575
1000017681	4276
1000010631	4491
1000002266	3157
1000013119	3188
1000002264	2086
1000002262	5058
1000003945	3991
1000003299	5069
1000015820	1547
1000015822	4281
1000013117	2687
1000015824	4223
1000015826	1272
1000002739	4068
1000020795	726
1000002049	1484
1000012579	2718
1000002047	3313
1000012577	1638
1000002045	1641
1000004392	3724
1000002043	1665
1000003460	230
1000002737	1583
1000012571	4155
1000002289	485
1000017430	4445
1000013371	1062
1000008975	957
1000018823	3967
1000013375	1054
1000002281	2285
1000013379	1768
1000002285	1057
1000017432	2396
1000002287	869
1000001831	246
1000002271	5151
1000014662	4673
1000001838	2467
1000010412	3333
1000002900	1082
1000014666	32
1000019645	4057
1000014469	1452
1000018138	2309
1000014463	4414
1000018130	1524
1000014467	3443
1000018132	1075
1000014465	608
1000009950	5184
1000012793	2730
1000009952	3656
1000012791	1862
1000009954	3335
1000003568	4622
1000009956	3074
1000009958	542
1000015352	1295
1000000489	4705
1000015350	188
1000010051	3153
1000015354	1751
1000002133	2169
1000012403	2150
1000015686	982
1000006344	4334
1000015680	1937
1000006346	761
1000012405	3523
1000006348	1278
1000012657	4383
1000012408	3363
1000010722	4420
1000012151	3260
1000012153	3596
1000014269	4703
1000013974	329
1000013976	3494
1000016316	5043
1000019728	2613
1000016314	2919
1000006790	2582
1000019440	3044
1000004270	2413
1000015756	3885
1000006589	5229
1000015754	1984
1000015752	454
1000015750	486
1000012086	384
1000009585	3728
1000012081	1209
1000014804	1171
1000003566	4588
1000014806	74
1000014800	178
1000008363	3648
1000015539	1931
1000012461	3851
1000015537	3228
1000014026	4492
1000015535	3014
1000015533	4248
1000017705	3846
1000015531	370
1000008808	4474
1000004090	1064
1000008558	1449
1000008801	4224
1000008556	2800
1000008803	633
1000008805	1158
1000000884	3574
1000021535	4153
1000021537	4243
1000010416	4549
1000020849	3933
1000021533	2047
1000020847	1944
1000015555	3191
1000005292	3626
1000020843	4525
1000021539	1266
1000020841	4201
1000002968	4429
1000016226	739
1000014932	1101
1000014010	4241
1000006740	1828
1000006742	2062
1000002051	4084
1000014938	1230
1000017312	1994
1000006748	2472
1000016228	5255
1000017316	1515
1000010637	1113
1000021794	3246
1000017915	603
1000017913	1328
1000003711	976
1000017911	1018
1000003713	5036
1000011942	3151
1000015804	4961
1000003718	3009
1000011947	3931
1000017919	740
1000002055	1069
1000022197	5231
1000015222	2868
1000022195	274
1000015220	225
1000015226	3886
1000022191	3369
1000009075	2072
1000015228	4817
1000007431	639
1000003391	3932
1000007345	1028
1000001759	4093
1000012289	2422
1000007342	3743
1000007437	4780
1000003397	2397
1000007439	2867
1000000271	4772
1000007403	1934
1000007349	2195
1000016155	1276
1000003400	1839
1000016138	1842
1000016478	3630
1000003404	3245
1000018308	5020
1000006909	1338
1000003409	1950
1000006904	2333
1000010836	2674
1000008367	3920
1000016134	935
1000010832	3891
1000010128	231
1000010941	775
1000022429	1611
1000010943	1412
1000010122	47
1000012665	1286
1000002121	1690
1000010948	631
1000010124	1078
1000013364	3760
1000011644	4867
1000004436	3185
1000002293	3370
1000015790	3431
1000006129	4987
1000018859	5185
1000012961	342
1000014175	879
1000012963	3543
1000002291	1805
1000012965	5106
1000012967	583
1000012969	2196
1000000574	21
1000009606	1224
1000000576	2071
1000006034	4803
1000009602	2789
1000000572	1177
1000003414	314
1000009581	3149
1000016692	2266
1000006635	89
1000016474	4544
1000006631	1096
1000006633	2773
1000004298	3521
1000000717	862
1000010700	3880
1000000710	2599
1000017868	3213
1000004135	1989
1000017864	2860
1000017862	3487
1000004296	819
1000016696	3685
1000010549	1942
1000010808	1993
1000003979	4071
1000010017	378
1000010540	989
1000010015	4172
1000010542	2087
1000010013	365
1000010544	918
1000010011	912
1000003973	1964
1000014067	3827
1000014065	4272
1000014062	2447
1000014060	4644
1000022378	4714
1000001716	1312
1000006911	5261
1000019278	2435
1000014069	5162
1000000377	1359
1000010047	2518
1000012896	1702
1000000373	863
1000006913	4701
1000000370	827
1000003570	2952
1000020661	891
1000020667	1216
1000012898	2369
1000000379	2043
1000019873	422
1000001535	3946
1000020285	1707
1000004079	734
1000001531	1302
1000004074	799
1000004070	3165
1000020808	4971
1000014861	4836
1000016791	4790
1000020111	4342
1000014206	2991
1000020113	4495
1000014329	2134
1000019188	2298
1000019189	1416
1000014324	2391
1000019184	5007
1000014326	1557
1000019182	5124
1000016706	3634
1000000397	2000
1000014322	1235
1000017462	5204
1000017460	766
1000019478	1238
1000017464	2052
1000019476	2734
1000020560	4955
1000000857	2906
1000017468	1788
1000019470	4357
1000007760	2624
1000004458	3438
1000004456	1721
1000004454	3050
1000004452	4694
1000004450	932
1000002451	2326
1000002452	4884
1000012269	3350
1000002458	1356
1000014363	4524
1000010153	4408
1000004676	615
1000014495	4792
1000018891	3966
1000014493	2081
1000019981	690
1000002713	3659
1000010151	1662
1000014716	794
1000014499	3913
1000018005	1774
1000002850	4948
1000014250	2969
1000002852	1601
1000014252	3856
1000014254	2711
1000014257	3042
1000002858	205
1000014710	3116
1000018051	84
1000018056	346
1000018054	1084
1000018585	443
1000005814	1151
1000018587	3109
1000005816	5241
1000019058	1540
1000005810	3210
1000019504	1176
1000018009	2545
1000019054	3804
1000017975	2049
1000019508	7
1000019057	2894
1000009303	3348
1000019051	805
1000002204	3136
1000018901	1237
1000005493	1340
1000006780	3202
1000005495	248
1000017977	1448
1000005497	1329
1000018906	1673
1000005499	1928
1000014778	3221
1000017501	4021
1000017071	672
1000013561	1239
1000005682	3374
1000017075	1344
1000017077	38
1000014782	407
1000005658	716
1000014786	3474
1000014784	183
1000004004	4577
1000017673	2534
1000013273	4632
1000017677	1568
1000018638	1026
1000018636	1921
1000018634	1188
1000017859	4755
1000018632	942
1000009054	431
1000009056	4181
1000015818	689
1000012813	2579
1000014208	3380
1000009052	4693
1000013167	522
1000015816	4841
1000013165	4715
1000015810	1236
1000009058	2756
1000015812	2321
1000019437	5039
1000015066	2448
1000012569	2864
1000004022	4580
1000015561	5206
1000012955	3121
1000012565	4456
1000012567	698
1000012561	273
1000017344	4788
1000012563	910
1000008862	3571
1000013306	4329
1000001939	4157
1000013304	3864
1000018836	1166
1000013302	1106
1000018830	1366
1000018833	5040
1000008943	765
1000001533	4306
1000016414	29
1000016416	302
1000016410	2483
1000013308	2803
1000016412	532
1000012821	2433
1000001844	2193
1000001842	2663
1000001840	2933
1000014285	4933
1000007249	4595
1000001849	2737
1000002638	4638
1000018122	343
1000000654	4494
1000017785	1565
1000017783	90
1000018124	571
1000015692	2672
1000012361	283
1000018128	247
1000014474	105
1000002636	1672
1000014476	1254
1000009946	1775
1000003957	5268
1000009944	4214
1000012785	2392
1000012787	1584
1000002882	4968
1000012789	3794
1000015327	3548
1000015325	1834
1000008492	4270
1000009948	717
1000012143	691
1000006356	3482
1000012141	1769
1000006354	357
1000012147	903
1000014032	3059
1000012145	3016
1000006350	254
1000013412	4999
1000012418	2843
1000013410	3795
1000002356	4126
1000013277	4866
1000013417	491
1000013414	3924
1000006358	4895
1000016300	3511
1000002127	3809
1000005501	3396
1000002557	4013
1000016306	4949
1000013782	2056
1000016308	2275
1000003709	4490
1000006370	1676
1000010629	3870
1000017093	190
1000002123	3640
1000017097	2075
1000003955	4995
1000002354	5250
1000011048	3117
1000003657	4686
1000013550	3926
1000011829	1186
1000011046	2094
1000005401	4063
1000011044	546
1000015032	4878
1000015030	3463
1000021528	1570
1000008838	3252
1000015034	4384
1000008834	2590
1000021522	3290
1000015786	444
1000021520	345
1000015780	3828
1000003701	4863
1000015782	1221
1000021524	1285
1000002111	5219
1000006753	972
1000016234	1350
1000016236	2454
1000017328	3676
1000016230	1625
1000014920	2651
1000017324	333
1000017326	4044
1000022209	3660
1000016238	732
1000017322	227
1000011959	2390
1000022518	4370
1000004230	4207
1000016951	3229
1000011953	553
1000011955	3216
1000002407	4235
1000015256	1947
1000015254	356
1000004367	4216
1000015252	2633
1000015250	2205
1000000647	2874
1000015036	3923
1000015258	3691
1000004361	2479
1000002113	2310
1000014298	5113
1000007401	2536
1000018960	1620
1000006137	1893
1000016528	2837
1000005878	4393
1000007409	3869
1000006131	1217
1000016129	3907
1000003416	164
1000014818	985
1000003412	3897
1000010806	5131
1000016959	325
1000016121	44
1000014812	1136
1000006917	493
1000014810	582
1000016125	1383
1000014816	2159
1000016127	3833
1000014814	2328
1000000497	669
1000000495	2176
1000007399	2947
1000000491	4507
1000003361	540
1000010387	2165
1000003363	2856
1000010155	5037
1000018596	4283
1000007393	1654
1000007811	1228
1000009086	3962
1000010149	2771
1000010793	3507
1000002115	3783
1000018958	4176
1000000540	2262
1000009612	1044
1000000542	901
1000012957	1249
1000000544	3641
1000014514	3622
1000000546	1650
1000012953	2559
1000000548	4567
1000007247	4072
1000020687	5048
1000017826	3155
1000017947	5152
1000007088	787
1000017059	4747
1000006621	2912
1000008365	4868
1000016488	5260
1000016740	3628
1000003703	2858
1000007081	4267
1000006629	1603
1000007083	2548
1000003707	4926
1000009088	2222
1000003705	4870
1000017893	2740
1000007894	3781
1000017891	451
1000017897	106
1000017895	3699
1000017899	3205
1000011665	1826
1000004281	2514
1000003963	1020
1000003960	585
1000003967	4034
1000010579	2606
1000003964	4842
1000019263	1923
1000010575	37
1000010577	2848
1000010573	1115
1000011481	2937
1000015865	194
1000014077	3035
1000022381	4783
1000001709	1773
1000022387	1997
1000014073	2219
1000019657	425
1000001705	859
1000001704	4131
1000022389	3322
1000014079	1034
1000001703	1815
1000003687	4350
1000001172	4137
1000014839	3539
1000007882	3288
1000019655	2120
1000007886	4417
1000015521	4081
1000007888	4140
1000002429	2330
1000010972	503
1000010655	4534
1000010976	1633
1000019861	2152
1000014075	5132
1000019863	4123
1000004060	4315
1000016789	203
1000005282	2503
1000004065	3813
1000004476	4499
1000019869	272
1000018313	3029
1000005376	4825
1000007558	4787
1000015525	5181
1000020125	789
1000014313	2069
1000000816	5193
1000009285	558
1000014316	131
1000005326	2046
1000014318	1680
1000014071	3566
1000000818	2794
1000015527	4695
1000001361	4104
1000019193	1031
1000017416	4152
1000010377	1226
1000017414	5227
1000005324	4898
1000019468	1262
1000017410	416
1000018093	3460
1000019466	4007
1000017418	4973
1000010379	1268
1000008134	64
1000007146	5238
1000001143	2618
1000004448	80
1000001141	2593
1000008132	943
1000004444	507
1000010005	4482
1000004446	3000
1000000724	5115
1000004440	1301
1000000726	4934
1000004442	4196
1000005712	2565
1000014044	4515
1000005710	665
1000005716	3555
1000005714	2642
1000002774	119
1000019174	5237
1000005718	2144
1000019995	1490
1000015119	3530
1000019997	1083
1000019991	134
1000022325	5046
1000011485	4279
1000008939	4903
1000016182	4647
1000015784	4606
1000005828	244
1000014267	1738
1000002842	4597
1000010647	5228
1000002840	730
1000005820	3785
1000018027	2724
1000005822	319
1000018025	303
1000005824	1070
1000018023	2355
1000016924	4096
1000018021	2329
1000019510	4001
1000019041	2313
1000019512	2713
1000019047	643
1000019514	2417
1000019045	3572
1000022497	2878
1000008221	4797
1000019518	1501
1000019049	727
1000016348	5194
1000018934	130
1000013776	4464
1000018936	387
1000018930	2717
1000013772	873
1000018932	261
1000013770	3072
1000007142	1039
1000018938	4751
1000016093	5168
1000017067	1624
1000005627	213
1000017065	646
1000005625	1860
1000017063	2138
1000005623	2538
1000013577	894
1000005621	1602
1000001727	4897
1000008979	5015
1000017069	5074
1000005629	3173
1000017661	614
1000017663	5010
1000017665	3270
1000002822	3516
1000017667	2881
1000005454	1553
1000017669	4133
1000005582	4467
1000016163	4555
1000005328	3295
1000018332	595
1000015802	4442
1000018330	289
1000018336	1199
1000015806	2865
1000018334	4345
1000016151	2168
1000002443	3674
1000018485	622
1000002441	2777
1000018487	3527
1000018480	1161
1000009267	2164
1000002445	2434
1000018483	434
1000012550	351
1000001132	3643
1000002711	2664
1000012221	2255
1000012226	1982
1000012556	3853
1000018800	1881
1000008952	1206
1000012228	4273
1000002718	25
1000018804	3775
1000008956	399
1000008954	238
1000016420	292
1000013314	4440
1000016422	574
1000016424	4036
1000013310	3610
1000016426	120
1000013312	1636
1000016428	5032
1000004067	927
1000005531	1962
1000013318	2299
1000005535	3305
1000001855	1793
1000014683	3266
1000001857	2184
1000014681	1253
1000014686	872
1000019867	4603
1000001853	2911
1000016252	5143
1000001637	4162
1000014688	3695
1000001859	1486
1000018156	361
1000018154	4942
1000006772	2616
1000018152	2271
1000017790	341
1000012318	1406
1000017792	1283
1000002627	2231
1000012314	663
1000013239	3694
1000002623	210
1000017798	1884
1000002621	844
1000016256	1306
1000011696	4661
1000015338	154
1000015334	2844
1000015336	758
1000015331	2340
1000014019	3576
1000006935	5073
1000002155	4753
1000013408	2281
1000012426	4275
1000017037	5179
1000012420	660
1000012421	2032
1000002153	5088
1000012131	2795
1000003517	3650
1000013400	852
1000013402	684
1000002159	1348
1000002826	4581
1000012139	1578
1000016334	960
1000016330	1441
1000016332	1370
1000009281	2611
1000017306	3670
1000016338	2988
1000016397	3629
1000015828	3889
1000003345	3408
1000017081	3503
1000017083	4031
1000006481	5159
1000019198	1582
1000012295	5213
1000003720	1718
1000011037	1315
1000011035	3452
1000011030	4035
1000015792	1728
1000017903	1678
1000015797	4609
1000008826	4030
1000015795	2452
1000008824	1354
1000012043	4212
1000012041	71
1000012047	554
1000012414	4624
1000003724	468
1000012170	2804
1000020729	3934
1000005896	3351
1000006728	1940
1000006726	1532
1000018501	4450
1000016202	713
1000017907	4022
1000016204	433
1000002395	2905
1000016206	2342
1000017804	2890
1000018402	4623
1000017332	3001
1000017330	3206
1000017336	1427
1000003728	2466
1000012334	2753
1000002330	4008
1000005892	4443
1000010617	4448
1000012336	3139
1000003359	4766
1000011965	575
1000012653	4643
1000011967	705
1000000584	5128
1000011961	4668
1000011963	3872
1000015244	1097
1000007418	1711
1000015242	3358
1000015248	16
1000007414	2504
1000005798	5146
1000009999	3696
1000012817	5019
1000009995	3736
1000009997	1374
1000009991	2104
1000009993	623
1000010816	3550
1000006923	2705
1000003170	589
1000002250	2537
1000019464	4326
1000006384	1014
1000014867	3858
1000006386	1649
1000015916	3275
1000006380	1763
1000014863	393
1000006382	959
1000011817	708
1000003602	3291
1000019032	588
1000000487	202
1000005842	4428
1000007387	2254
1000000480	3469
1000007385	773
1000010145	4331
1000003608	3263
1000003357	1051
1000010141	1851
1000003351	898
1000004052	2741
1000003353	1002
1000011367	4979
1000012949	438
1000010789	3756
1000014885	2745
1000010787	2060
1000009587	4091
1000012941	839
1000010782	4639
1000010830	4575
1000010780	3635
1000000557	1927
1000009667	2063
1000000555	760
1000009665	5067
1000007259	3896
1000015311	2148
1000009661	2358
1000007255	1696
1000007257	4698
1000003285	279
1000007251	4119
1000003283	1865
1000000559	4938
1000007700	3150
1000006653	4358
1000010639	3019
1000012111	1388
1000007096	4852
1000003775	3753
1000019977	4635
1000016232	3048
1000020731	1387
1000017880	2058
1000017883	1920
1000020735	1771
1000004277	1379
1000017887	3261
1000004275	3424
1000017901	3124
1000004279	572
1000012443	187
1000010562	1349
1000019218	1380
1000000721	3609
1000014042	2583
1000012441	1336
1000009663	2783
1000011566	2061
1000003919	1555
1000022391	2440
1000001731	841
1000022393	916
1000001733	3453
1000022395	309
1000001735	1811
1000022397	2497
1000016296	1241
1000022399	2429
1000001739	3915
1000011760	2156
1000011765	2929
1000003593	3807
1000016294	3023
1000003596	4003
1000007892	400
1000010969	5122
1000007890	4480
1000010967	1099
1000020606	5232
1000010963	817
1000002824	4433
1000010961	446
1000016292	2283
1000001288	1394
1000004014	1219
1000004012	736
1000012527	5176
1000001280	3707
1000001282	4945
1000001284	114
1000020135	1365
1000004019	4193
1000007879	1182
1000002371	78
1000020427	117
1000003829	1122
1000020421	1520
1000000804	3499
1000009291	296
1000013343	3744
1000022604	5191
1000003823	3700
1000016938	4394
1000020429	457
1000018873	685
1000014309	3218
1000003825	3929
1000010365	3126
1000017404	3296
1000008983	2542
1000010361	1392
1000019456	2829
1000017402	1211
1000015215	4386
1000016352	4439
1000008105	1802
1000018150	3378
1000003881	4851
1000004471	3824
1000003007	2228
1000004474	1581
1000000739	824
1000019629	2308
1000004478	2015
1000006058	4174
1000008987	2983
1000000732	2341
1000000730	549
1000005700	1979
1000005704	484
1000004061	4446
1000004650	702
1000005708	3726
1000006505	2626
1000004655	3020
1000016684	1674
1000014279	3942
1000016680	3986
1000013850	3952
1000003434	1470
1000019877	4516
1000014272	3709
1000004490	584
1000012416	4916
1000016688	2008
1000014276	473
1000011012	3959
1000014274	4246
1000010218	4211
1000016986	3945
1000018039	1021
1000005838	830
1000018035	4838
1000005836	4258
1000005387	1240
1000005834	1058
1000018031	1943
1000010214	1832
1000005830	1666
1000019524	1908
1000019037	1290
1000019526	3538
1000019035	4731
1000019520	967
1000011926	4620
1000019522	3969
1000017101	3123
1000001513	897
1000019528	380
1000001515	1552
1000013717	3045
1000002546	1776
1000002544	3703
1000020675	3665
1000002894	526
1000002896	1887
1000002890	2115
1000002892	3323
1000005635	4457
1000001995	1247
1000005637	2509
1000013017	4733
1000005631	3561
1000013093	2079
1000005633	144
1000001993	494
1000010726	4650
1000005639	970
1000016732	2757
1000013099	2883
1000009077	232
1000016734	2682
1000016750	1242
1000017659	3895
1000016754	634
1000018493	2854
1000018323	506
1000013144	511
1000005603	3993
1000018495	2033
1000018326	489
1000019142	4646
1000002437	103
1000019140	23
1000002435	806
1000019146	1688
1000002433	1492
1000002431	1150
1000013329	1363
1000012544	3254
1000012234	2750
1000012540	1023
1000018817	2751
1000008927	288
1000008925	1232
1000013324	93
1000018812	63
1000008866	4882
1000012548	1971
1000018590	5221
1000016434	3111
1000016432	3617
1000016430	1095
1000005521	1112
1000018435	3377
1000005523	3025
1000001863	2763
1000005525	4739
1000016775	2425
1000005527	1376
1000019008	5240
1000014690	1960
1000002591	4636
1000014692	1321
1000014694	877
1000014698	5223
1000014263	2036
1000002380	2295
1000018144	610
1000002382	307
1000018146	2031
1000014457	921
1000018140	2715
1000002386	430
1000018142	3104
1000015902	323
1000012304	2370
1000014459	1598
1000012306	949
1000012301	5101
1000018148	4504
1000015904	2948
1000014094	4642
1000015301	792
1000012439	2990
1000015303	2944
1000014572	5075
1000017999	2989
1000001292	4487
1000015309	577
1000015658	907
1000011448	1373
1000002164	1009
1000012436	1086
1000012423	4937
1000012434	1458
1000012124	3319
1000012127	4683
1000002369	1405
1000012121	1273
1000014381	1951
1000012123	4833
1000014126	2476
1000016322	3314
1000002361	2009
1000012129	5149
1000011445	1402
1000001979	4876
1000002365	5138
1000009583	5030
1000019245	5098
1000011443	1717
1000000618	3577
1000008776	4607
1000010180	4280
1000005940	3312
1000012875	4826
1000015002	4688
1000013009	4982
1000008774	3137
1000014303	5103
1000005946	2319
1000008672	3467
1000011769	4371
1000012973	591
1000019516	2951
1000008670	3125
1000011022	1732
1000008856	14
1000012058	1471
1000015016	1080
1000008852	2187
1000015012	624
1000008854	4723
1000012050	1967
1000021547	770
1000012052	2907
1000021541	4840
1000004142	3079
1000008858	1460
1000006738	1162
1000006734	96
1000016214	2670
1000016212	143
1000005856	3850
1000006732	515
1000017346	3818
1000015492	4101
1000002109	1799
1000019296	4356
1000000662	2550
1000005768	2405
1000017348	4881
1000011973	548
1000011971	715
1000012979	268
1000011977	5112
1000011975	1153
1000019552	4993
1000011979	1310
1000015276	860
1000011798	1916
1000020773	3771
1000015358	4180
1000007582	2967
1000002103	1422
1000015472	1807
1000015470	3910
1000000561	1969
1000015476	5038
1000015474	1500
1000009983	2845
1000015369	4132
1000009987	4553
1000009985	1144
1000009989	4799
1000013679	4716
1000002107	4728
1000006937	4879
1000006420	368
1000016101	1838
1000006390	971
1000014879	1185
1000006396	2001
1000006931	1265
1000006394	4476
1000006429	3750
1000013437	3658
1000016109	1956
1000011804	2206
1000014871	2880
1000020413	4509
1000006939	2962
1000007221	2945
1000010170	1529
1000003610	4586
1000010172	2662
1000003612	500
1000010174	1825
1000010176	373
1000003616	1777
1000011483	2057
1000003618	4481
1000003349	1917
1000011487	4171
1000012264	3174
1000005542	5155
1000011375	5148
1000010773	3825
1000011377	2190
1000010771	635
1000011371	4779
1000020723	5188
1000012938	3887
1000002006	3054
1000010778	4268
1000011379	4508
1000012931	781
1000007261	4421
1000003313	966
1000009671	3043
1000007265	1332
1000003297	4359
1000017061	4012
1000019431	5025
1000003293	2293
1000003315	3587
1000007063	3882
1000010906	3595
1000000851	3349
1000003765	1606
1000003641	939
1000018304	4069
1000004261	2209
1000004263	2522
1000000589	20
1000020703	1531
1000007282	3608
1000004268	3708
1000002648	3979
1000000587	1789
1000000580	2261
1000000582	4312
1000022225	3345
1000019209	3663
1000011889	4128
1000014058	1556
1000011590	4424
1000014056	706
1000014053	518
1000019200	3110
1000019203	3200
1000010686	258
1000012843	3105
1000001725	383
1000012841	2605
1000003625	2710
1000012847	1127
1000001721	1725
1000010681	369
1000022383	5092
1000012849	4038
1000001729	2070
1000005784	2811
1000003580	3033
1000001290	4657
1000003582	3177
1000010996	579
1000003584	100
1000003587	1613
1000003589	4402
1000010998	1906
1000017701	2160
1000007609	1712
1000020419	3451
1000004006	1173
1000012513	5211
1000004000	108
1000001299	1518
1000004002	4511
1000020411	2821
1000001294	874
1000004009	1551
1000017771	4124
1000020417	710
1000003839	512
1000010359	941
1000010428	1792
1000004396	2946
1000000830	5049
1000007592	3829
1000020117	2339
1000016926	2558
1000003831	2221
1000016928	1334
1000003833	2040
1000020383	2311
1000003835	3089
1000004398	2873
1000003837	4684
1000018732	4909
1000019446	1911
1000019333	755
1000019444	2767
1000003867	1593
1000012805	5002
1000019448	714
1000004467	2776
1000004465	3276
1000004115	5126
1000016605	4391
1000007112	1698
1000022233	2080
1000007110	3919
1000022231	4135
1000002640	4653
1000004469	1693
1000018126	4239
1000005734	1437
1000005736	115
1000012558	4415
1000005730	1324
1000005732	621
1000004648	514
1000004434	4854
1000004646	1519
1000016690	3289
1000005738	1608
1000017788	1888
1000004137	900
1000016694	922
1000018790	4362
1000004488	4168
1000018792	2118
1000018794	2124
1000018235	4871
1000018796	1820
1000003940	3631
1000018798	30
1000011902	4678
1000006183	4672
1000004482	139
1000014202	4889
1000004484	4079
1000020562	535
1000004486	3671
1000018552	4919
1000002832	729
1000018550	3564
1000019365	1983
1000018556	5247
1000017509	1210
1000018724	5263
1000019532	409
1000019530	5050
1000014505	2897
1000002522	3076
1000017503	2399
1000019024	3163
1000019026	4018
1000003947	527
1000011860	423
1000001505	2934
1000019840	2237
1000001503	2380
1000019028	3682
1000018720	4874
1000005609	2117
1000002553	902
1000002880	1256
1000002886	992
1000012645	3796
1000002884	5141
1000005352	2913
1000005601	5006
1000001981	1669
1000002888	3667
1000005605	332
1000005354	2615
1000013554	36
1000014159	3325
1000013174	4120
1000017643	630
1000008791	4855
1000013089	3400
1000018338	3239
1000016498	4963
1000012801	4628
1000016748	2112
1000014510	2315
1000014516	1999
1000009084	1750
1000002447	2269
1000014518	1308
1000016742	1756
1000016744	1780
1000006036	3484
1000018314	1333
1000019158	1491
1000015867	1269
1000018317	3162
1000015861	2307
1000013152	5139
1000015863	2354
1000013150	528
1000009244	1128
1000002427	3442
1000019152	1781
1000005288	776
1000018319	2515
1000002423	1463
1000019156	145
1000018011	392
1000012647	4768
1000002776	2025
1000012412	2631
1000012201	3231
1000013339	2114
1000012203	2482
1000008935	1511
1000013884	327
1000008937	4831
1000022495	3898
1000012552	3436
1000013331	1072
1000013882	2953
1000008958	3601
1000001878	2067
1000005515	2723
1000005517	3148
1000005511	1812
1000010855	3840
1000005513	1233
1000018178	4912
1000003676	3849
1000018579	5089
1000018170	1194
1000018172	4616
1000018174	4585
1000003899	1413
1000018176	168
1000009045	4940
1000002397	402
1000014427	4294
1000012332	1991
1000014425	784
1000002393	1952
1000015508	5081
1000002391	41
1000012338	4324
1000015910	2260
1000010139	4687
1000015912	4771
1000013860	4957
1000015914	641
1000018774	2334
1000018951	1819
1000015641	3087
1000012119	4735
1000015643	2513
1000013499	3401
1000015313	1465
1000022205	3947
1000015647	1708
1000002177	3219
1000012447	923
1000002175	2356
1000012113	206
1000002172	1189
1000012117	782
1000013423	2427
1000002378	1740
1000013421	2225
1000013425	197
1000016356	1148
1000007570	1536
1000002373	4849
1000002655	5029
1000002375	3514
1000016353	252
1000016350	2024
1000014311	4486
1000008560	2121
1000018080	4793
1000022307	4346
1000016593	3432
1000016595	3497
1000006555	2078
1000002644	3354
1000013701	1754
1000019094	3619
1000006561	3763
1000006006	3093
1000014732	2286
1000016113	2697
1000014730	98
1000009650	3767
1000014736	738
1000019394	4050
1000008599	1297
1000015008	3605
1000011014	3466
1000016073	3620
1000005434	1767
1000008597	3326
1000015006	3154
1000008595	990
1000020291	3542
1000016071	4032
1000008843	954
1000005533	2186
1000001894	3066
1000012066	1933
1000006000	1829
1000012060	4905
1000008848	1110
1000001546	600
1000006700	1401
1000006414	421
1000006702	4158
1000005438	3591
1000006704	1364
1000006706	1453
1000006255	142
1000012595	2038
1000004161	4198
1000010803	4002
1000012591	688
1000018577	5008
1000005537	3598
1000010035	5077
1000017350	2191
1000015481	1797
1000006410	3618
1000017358	2263
1000015488	3454
1000006898	77
1000017012	420
1000011904	3668
1000013830	3799
1000006412	3844
1000011900	170
1000015268	5114
1000015266	397
1000015264	2082
1000015262	2162
1000015260	2591
1000014996	5190
1000015468	4175
1000014994	354
1000014992	3810
1000004047	2153
1000014990	3472
1000016270	4269
1000010551	2961
1000015460	1787
1000007477	2602
1000015462	5085
1000015464	5161
1000014998	173
1000008441	3930
1000019098	4556
1000006792	2091
1000016176	1047
1000006416	40
1000018443	4255
1000016172	204
1000016170	2908
1000016276	1523
1000006418	2630
1000012520	2836
1000018445	4108
